1 const 7 -1 
2 int 14 -1 
3 a 27 1 
4 = 41 -1 
5 3 28 2 
6 ; 42 -1 
7 const 7 -1 
8 float 19 -1 
9 b 27 3 
10 = 41 -1 
11 2.6 29 4 
12 ; 42 -1 
13 int 14 -1 
14 n 27 5 
15 ; 42 -1 
16 void 49 -1 
17 main 50 -1 
18 ( 32 -1 
19 ) 33 -1 
20 { 51 -1 
21 n 27 5 
22 = 41 -1 
23 a 27 1 
24 + 35 -1 
25 2 28 8 
26 ; 42 -1 
27 printf 54 -1 
28 ( 32 -1 
29 n= 30 9 
30 , 37 -1 
31 n 27 5 
32 ) 33 -1 
33 ; 42 -1 
34 } 52 -1 
1 const 7 -1 
2 int 14 -1 
3 a 27 1 
4 = 41 -1 
5 3 28 2 
6 ; 42 -1 
7 const 7 -1 
8 float 19 -1 
9 b 27 3 
10 = 41 -1 
11 2.6 29 4 
12 ; 42 -1 
13 int 14 -1 
14 n 27 5 
15 ; 42 -1 
16 void 49 -1 
17 main 50 -1 
18 ( 32 -1 
19 ) 33 -1 
20 { 51 -1 
21 n 27 5 
22 = 41 -1 
23 a 27 1 
24 + 35 -1 
25 2 28 8 
26 ; 42 -1 
27 printf 54 -1 
28 ( 32 -1 
29 n= 30 9 
30 , 37 -1 
31 n 27 5 
32 ) 33 -1 
33 ; 42 -1 
34 } 52 -1 
1 const 7 -1 
2 int 14 -1 
3 a 27 1 
4 = 41 -1 
5 3 28 2 
6 ; 42 -1 
7 const 7 -1 
8 float 19 -1 
9 b 27 3 
10 = 41 -1 
11 2.6 29 4 
12 ; 42 -1 
13 int 14 -1 
14 n 27 5 
15 ; 42 -1 
16 void 49 -1 
17 main 50 -1 
18 ( 32 -1 
19 ) 33 -1 
20 { 51 -1 
21 n 27 6 
22 = 41 -1 
23 a 27 7 
24 + 35 -1 
25 2 28 8 
26 ; 42 -1 
27 printf 54 -1 
28 ( 32 -1 
29 n= 30 9 
30 , 37 -1 
31 n 27 10 
32 ) 33 -1 
33 ; 42 -1 
34 } 52 -1 
